# Sample data
group1 <- c(25, 30, 35, 40, 45)
group2 <- c(20, 22, 25, 27, 30)
group3 <- c(15, 18, 20, 23, 25)

# combine the data into a single data Frame

data <- data.frame(Value)